4294967279,95
4294967279,94
4294967279,93
4294967279,92
4294967279,91
4294967279,90
4294967279,89
4294967279,87
4294967279,86
4294967279,85
4294967279,84
4294967279,83
4294967279,82
4294967279,81
4294967279,122
4294967279,121
4294967279,120
4294967279,119
4294967279,118
4294967279,117
4294967279,116
4294967279,115
4294967279,114
4294967279,113
4294967279,112
4294967279,110
4294967279,109
4294967279,108
4294967279,107
4294967279,106
4294967279,105
4294967279,104
4294967279,103
4294967279,102
4294967279,101
4294967279,100
4294967279,99
4294967279,98
4294967279,97
4294967279,96
4294967294,146
4294967294,145
4294967294,143
4294967294,142
4294967294,137
4294967294,1084
4294967294,1064
4294967294,1062
4294967294,1061
4294967294,1060
4294967294,1059
4294967294,60
4294967279,111
4294967279,231
4294967278,227
4294967279,228
4294967278,225
4294967279,226
4294967278,223
4294967279,224
4294967278,221
4294967279,222
4294967278,219
4294967278,217
4294967278,275
4294967278,215
4294967278,214
4294967278,314
4294967278,212
4294967278,37
4294967278,36
4294967278,35
4294967278,34
4294967278,33
4294967278,32
4294967278,31
4294967278,30
4294967278,29
4294967278,28
4294967278,27
4294967278,26
4294967278,25
4294967278,24
4294967278,23
4294967278,22
4294967278,21
4294967278,20
4294967278,19
4294967278,18
4294967278,17
4294967278,16
4294967278,15
4294967278,14
4294967278,13
4294967278,12
4294967278,11
4294967278,10
4294967278,9
4294967278,8
4294967278,7
4294967278,6
4294967278,5
4294967278,4
4294967279,132
4294967279,131
4294967279,130
4294967279,129
4294967279,128
4294967279,127
4294967279,126
4294967279,125
4294967279,124
4294967279,123
4294967279,25
4294967279,23
4294967279,22
4294967279,21
4294967279,19
4294967279,18
4294967279,17
4294967279,15
4294967279,14
4294967279,12
4294967279,10
4294967278,211
4294967278,210
4294967279,314
4294967294,75
4294967294,169
4294967294,174
4294967278,209
4294967278,208
4294967278,207
4294967294,180
4294967294,1156
4294967294,1154
4294967294,1153
4294967294,1082
4294967294,1080
4294967294,1079
4294967294,1078
4294967294,1077
4294967294,1075
4294967294,1072
4294967294,1071
4294967294,1068
4294967294,1067
4294967294,400
4294967294,189
4294967294,168
4294967294,30
4294967294,164
4294967294,165
4294967294,113
4294967294,167
4294967294,177
4294967294,10
4294967294,1159
4294967294,1158
4294967294,1157
4294967294,1155
4294967294,1152
4294967294,1081
4294967294,1074
4294967294,1073
4294967294,1070
4294967294,1069
4294967294,1058
4294967294,190
4294967294,185
4294967294,182
4294967294,173
4294967294,170
4294967294,163
4294967294,161
4294967294,175
4294967294,176
4294967294,120
4294967294,451
4294967294,424
4294967294,421
4294967294,14
4294967294,20
4294967294,13
4294967294,166
4294967294,24
4294967294,126
4294967294,12
4294967294,104
4294967294,106
4294967294,160
4294967294,119
4294967294,183
4294967294,162
4294967294,157
4294967278,204
4294967278,313
4294967279,313
4294967278,312
4294967279,312
4294967278,201
4294967278,311
4294967279,311
4294967278,200
4294967294,442
4294967294,386
4294967294,385
4294967278,199
4294967278,310
4294967279,310
4294967278,198
4294967278,309
4294967278,196
4294967278,193
13,6
4294967278,195
13,5
13,4
4294967278,194
13,3
13,2
13,1
4294967278,308
4294967294,437
4294967294,128
4294967294,186
4294967294,156
4294967278,307
4294967294,5
4294967279,309
4294967294,50
4294967278,306
4294967279,308
4294967294,392
4294967294,388
4294967294,115
4294967294,114
4294967278,190
4294967278,305
4294967279,307
4294967278,189
4294967294,38
4294967294,37
4294967294,36
4294967294,39
4294967294,45
4294967294,44
4294967294,153
4294967294,91
4294967294,88
4294967294,87
4294967294,85
4294967294,1
4294967294,1166
4294967294,46
4294967294,1160
4294967278,188
4294967278,304
4294967279,306
4294967278,187
4294967278,303
4294967278,260
4294967278,0
4294967278,185
4294967294,89
4294967278,184
4294967279,305
4294967278,183
4294967294,40
4294967294,17
4294967294,99
4294967294,76
4294967294,41
4294967294,83
4294967294,107
4294967294,67
4294967294,43
4294967294,53
4294967294,51
4294967294,84
4294967294,1163
4294967294,82
4294967294,94
4294967294,93
4294967294,96
4294967294,95
4294967278,181
4294967279,304
